997.792000 174.870000 -8.080000 10.100000 7.000000
885.000000 0.000000 30.000000 0.000000 30.000000 8.000000
2000 1 2 25
1
00000000012000000000
00000000121200000000
00000001212120000000
00000012121212000000
00000121212121200000
00001212121212120000
00012121212121212000
00121212121212121200
01212121212121212120
12121212121212121212
21212121212121212121
02121212121212121200
00212121212121212000
00001212121212120000
00002121212121210000
00000012121210100000
00000021212120000000
00000002121200000000
00000000212000000000
00000000020000000000
2
00000000011000000000
00000000111100000000
00000001111110000000
00000011111111000000
00000111111111100000
00001EE111111EE10000
000111EE1111EE111000
0011111EE11EE1111100
01111111111111111110
111111111UU111111111
111111111UU111111111
01111111111111111100
0011111EE11EE1111000
000011EE1111EE110000
00001EE111111EE10000
00000011111110100000
00000011111110000000
00000001111100000000
00000000111000000000
00000000010000000000
49.800000 17.500000
